207376
207377
211155
233793
234185
234628
234637
234682
234717
236475
236476
237634
237743
237748
237750
237751
237752
237753
237762
237780
241462
242634
242957
243023
243024
243796
243843
243845
244172
244207
244366
244367
244373
244386
244388
244390
244394
244398
244406
244409
244412
244416
244418
244420
244430
244438
244446
244454
244555
244560
244561
244562
244563
244564
244565
244567
244568
244569
244671
244677
244682
244694
244700
244702
244721
244726
244727
244729
244730
244774
244777
244783
244786
244789
244810
244816
244821
244822
244824
244825
244853
244864
244969
244975
245001
245004
245024
245041
245046
245059
245071
245093
245209
245224
245237
245318
245319
245320
245322
245475
245488
245501
245524
245598
245599
245666
245761
245766
245768
245769
245770
245773
245774
245781
245782
245785
245787
245821
245822
245837
245838
245840
245848
245852
245855
245890
245895
245900
245909
245912
245914
245939
245942
245944
245945
245946
246164
246165
246166
246174
246224
246308
247372
