150336
157554
157808
165792
169648
169650
169662
174058
177768
177769
177770
177771
178933
180442
180457
181005
181929
181930
181931
181932
181933
181934
183059
185524
185955
186921
186922
186923
186924
191959
194620
194624
194656
194952
196662
196665
196666
196672
198986
199199
199838
199855
202946
202961
203181
203670
203966
205767
206507
206826
206827
206877
207352
207895
208006
208007
208010
208012
208140
208345
208346
209739
209766
210811
212523
212537
214362
214751
215115
219073
219074
219204
220296
220300
220339
220353
220377
220487
220496
220558
220573
220690
220725
220755
220811
220819
220867
221385
221785
223599
224120
225125
225183
225243
225255
225672
226592
226624
226625
226628
226635
226645
226647
226651
226795
227066
227069
227071
227126
227129
227231
227445
227447
228182
228660
228662
228835
228838
230944
231867
232507
234631
235809
237746
237806
237808
242309
243166
245843
