31943
34901
35045
37015
37016
37017
37018
37020
37021
37022
37458
37460
43814
63680
73055
73353
73354
76003
76489
77827
81102
87956
88029
89328
91434
93550
95819
96471
97915
103240
103241
104297
104565
104586
104938
119130
127822
129078
134752
139953
139957
143666
143996
144222
144231
144417
144553
144554
144757
146711
147871
149961
150768
152249
152252
165402
179236
179301
181935
181937
181938
191011
192001
192007
196973
200760
204964
205988
206251
206522
206823
207029
209326
213177
213178
213180
213182
213185
217186
219012
221560
223260
223262
223544
223546
225928
226062
226063
226064
226065
233311
233312
237893
239528
241466
244345
244497
