208983
207665
232836
144891
203958
203979
207070
208353
207271
150023
203119
148763
244873
168458
206454
203384
212945
100130
206467
160518
210140
234147
234954
153126
202091
232164
148368
158480
189181
190435
224741
177585
197997
201626
206510
187687
237888
137467
165154
196465
197534
228803
237804
239134
104454
136594
167299
175419
175427
176693
177390
177677
192442
209813
209817
218029
237113
177395
177407
177681
178667
196245
196248
197653
218037
237421
121469
174918
176826
212630
219085
231804
231821
236483
237505
237807
125761
127360
148419
149001
149048
149841
155612
161054
161152
173057
174370
174537
174933
197760
203407
206314
206482
206877
222860
225926
230016
230829
76185
110695
112088
134690
140633
143497
149236
149951
152234
152257
158972
159756
160773
160780
162676
163640
174041
174129
174163
174164
178833
184973
184974
185515
193642
193671
193686
193691
193766
193770
193799
193800
193805
193806
198806
198929
200199
201133
202286
202510
202861
205988
206853
207030
218236
218244
218252
218255
218404
224286
229443
230140
232652
232675
232676
232677
234130
235142
235871
235878
236184
236275
87970
95834
95854